0.000010   0.942142
0.000020   1.884326
0.000030   2.826555
0.000040   3.768826
0.000050   4.711141
0.000060   5.653499
0.000070   6.595901
0.000080   7.538346
0.000090   8.480834
0.000100   9.423366
0.000110   10.365941
0.000120   11.308559
0.000130   12.251221
0.000140   13.193926
0.000150   14.136674
0.000160   15.079466
0.000170   16.022301
0.000180   16.965180
0.000190   17.908102
0.000200   18.851067
0.000210   19.794075
0.000220   20.737127
0.000230   21.680223
0.000240   22.623361
0.000250   23.566543
0.000260   24.509769
0.000270   25.453037
0.000280   26.396350
0.000290   27.339705
0.000300   28.283104
0.000310   29.226546
0.000320   30.170032
0.000330   31.113561
0.000340   32.057133
0.000350   33.000749
0.000360   33.944408
0.000370   34.888111
0.000380   35.831857
0.000390   36.775646
0.000400   37.719479
0.000410   38.663355
0.000420   39.607275
0.000430   40.551238
0.000440   41.495244
0.000450   42.439294
0.000460   43.383387
0.000470   44.327524
0.000480   45.271704
0.000490   46.215927
0.000500   47.160194
0.000510   48.104504
0.000520   49.048858
0.000530   49.993255
0.000540   50.937695
0.000550   51.882179
0.000560   52.826706
0.000570   53.771277
0.000580   54.715891
0.000590   55.660549
0.000600   56.605250
0.000610   57.549994
0.000620   58.494782
0.000630   59.439613
0.000640   60.384488
0.000650   61.329406
0.000660   62.274367
0.000670   63.219372
0.000680   64.164421
0.000690   65.109513
0.000700   66.054648
0.000710   66.999827
0.000720   67.945049
0.000730   68.890314
0.000740   69.835623
0.000750   70.780976
0.000760   71.726372
0.000770   72.671811
0.000780   73.617294
0.000790   74.562821
0.000800   75.508390
0.000810   76.454004
0.000820   77.399660
0.000830   78.345360
0.000840   79.291104
0.000850   80.236891
0.000860   81.182722
0.000870   82.128596
0.000880   83.074513
0.000890   84.020474
0.000900   84.966479
0.000910   85.912526
0.000920   86.858618
0.000930   87.804753
0.000940   88.750931
0.000950   89.697153
0.000960   90.643418
0.000970   91.589727
0.000980   92.536079
0.000990   93.482475
0.001000   94.428914
0.001009   95.375397
0.001019   96.321923
0.001029   97.268493
0.001039   98.215106
0.001049   99.161762
0.001059   100.108463
0.001069   101.055206
0.001079   102.001993
0.001089   102.948824
0.001099   103.895698
0.001109   104.842616
0.001119   105.789577
0.001129   106.736582
0.001139   107.683630
0.001149   108.630722
0.001159   109.577857
0.001169   110.525036
0.001179   111.472258
0.001189   112.419524
0.001199   113.366833
0.001209   114.314186
0.001219   115.261582
0.001229   116.209022
0.001239   117.156505
0.001249   118.104032
0.001259   119.051603
0.001269   119.999217
0.001279   120.946874
0.001289   121.894575
0.001299   122.842320
0.001309   123.790108
0.001319   124.737939
0.001329   125.685814
0.001339   126.633733
0.001349   127.581695
0.001359   128.529701
0.001369   129.477750
0.001379   130.425843
0.001389   131.373980
0.001399   132.322160
0.001409   133.270383
0.001419   134.218650
0.001429   135.166961
0.001439   136.115315
0.001449   137.063713
0.001459   138.012154
0.001469   138.960639
0.001479   139.909167
0.001489   140.857739
0.001499   141.806355
0.001509   142.755014
0.001519   143.703717
0.001529   144.652463
0.001539   145.601253
0.001549   146.550086
0.001559   147.498963
0.001569   148.447883
0.001579   149.396848
0.001589   150.345855
0.001599   151.294906
0.001609   152.244001
0.001619   153.193140
0.001629   154.142322
0.001639   155.091547
0.001649   156.040817
0.001659   156.990129
0.001669   157.939486
0.001679   158.888886
0.001689   159.838329
0.001699   160.787816
0.001709   161.737347
0.001719   162.686922
0.001729   163.636539
0.001738   164.586201
0.001748   165.535906
0.001758   166.485655
0.001768   167.435447
0.001778   168.385283
0.001788   169.335163
0.001798   170.285086
0.001808   171.235053
0.001818   172.185063
0.001828   173.135117
0.001838   174.085215
0.001848   175.035356
0.001858   175.985541
0.001868   176.935770
0.001878   177.886042
0.001888   178.836358
0.001898   179.786717
0.001908   180.737120
0.001918   181.687567
0.001928   182.638057
0.001938   183.588591
0.001948   184.539168
0.001958   185.489790
0.001968   186.440454
0.001978   187.391163
0.001988   188.341915
0.001998   189.292711
0.002008   190.243550
0.002018   191.194433
0.002028   192.145360
0.002038   193.096330
0.002048   194.047344
0.002058   194.998402
0.002068   195.949503
0.002078   196.900648
0.002088   197.851837
0.002098   198.803069
0.002108   199.754345
0.002118   200.705664
0.002128   201.657028
0.002138   202.608435
0.002148   203.559885
0.002158   204.511379
0.002168   205.462917
0.002178   206.414499
0.002188   207.366124
0.002198   208.317793
0.002208   209.269506
0.002218   210.221262
0.002228   211.173062
0.002237   212.124906
0.002247   213.076793
0.002257   214.028724
0.002267   214.980699
0.002277   215.932717
0.002287   216.884779
0.002297   217.836885
0.002307   218.789034
0.002317   219.741227
0.002327   220.693464
0.002337   221.645745
0.002347   222.598069
0.002357   223.550437
0.002367   224.502849
0.002377   225.455304
0.002387   226.407803
0.002397   227.360346
0.002407   228.312932
0.002417   229.265562
0.002427   230.218236
0.002437   231.170954
0.002447   232.123715
0.002457   233.076520
0.002467   234.029369
0.002477   234.982261
0.002487   235.935197
0.002497   236.888177
0.002507   237.841201
0.002517   238.794268
0.002527   239.747379
0.002537   240.700534
0.002547   241.653732
0.002557   242.606975
0.002567   243.560260
0.002577   244.513590
0.002587   245.466964
0.002597   246.420381
0.002607   247.373842
0.002617   248.327346
0.002627   249.280895
0.002637   250.234487
0.002646   251.188123
0.002656   252.141802
0.002666   253.095526
0.002676   254.049293
0.002686   255.003104
0.002696   255.956958
0.002706   256.910857
0.002716   257.864799
0.002726   258.818785
0.002736   259.772814
0.002746   260.726888
0.002756   261.681005
0.002766   262.635166
0.002776   263.589370
0.002786   264.543619
0.002796   265.497911
0.002806   266.452247
0.002816   267.406627
0.002826   268.361050
0.002836   269.315517
0.002846   270.270028
0.002856   271.224583
0.002866   272.179181
0.002876   273.133823
0.002886   274.088509
0.002896   275.043238
0.002906   275.998010
0.002916   276.952826
0.002926   277.907683
0.002936   278.862582
0.002946   279.817523
0.002956   280.772504
0.002966   281.727523
0.002976   282.682580
0.002986   283.637672
0.002996   284.592794
0.003005   285.547942
0.003015   286.503109
0.003025   287.458284
0.003035   288.413455
0.003045   289.368603
0.003055   290.323701
0.003065   291.278716
0.003075   292.233597
0.003085   293.188277
0.003095   294.142664
0.003105   295.096633
0.003115   296.050009
0.003125   297.002556
0.003135   297.953951
0.003145   298.903756
0.003155   299.851375
0.003165   300.796006
0.003175   301.736568
0.003185   302.671617
0.003195   303.599242
0.003205   304.516934
0.003215   305.421448
0.003225   306.308665
0.003235   307.173473
0.003245   308.009729
0.003255   308.810349
0.003265   309.567594
0.003275   310.273611
0.003285   310.921199
0.003295   311.504699
0.003305   312.020819
0.003315   312.469138
0.003324   312.852151
0.003334   313.174831
0.003344   313.443864
0.003354   313.666786
0.003364   313.851205
0.003374   314.004242
0.003384   314.132200
0.003394   314.240425
0.003404   314.333316
0.003414   314.414402
0.003424   314.486468
0.003434   314.551679
0.003444   314.611702
0.003454   314.667811
0.003464   314.720975
0.003474   314.771925
0.003484   314.821214
0.003494   314.869256
0.003504   314.916364
0.003514   314.962771
0.003524   315.008652
0.003534   315.054138
0.003544   315.099329
0.003554   315.144296
0.003564   315.189095
0.003574   315.233767
0.003584   315.278343
0.003594   315.322845
0.003603   315.367290
0.003613   315.411692
0.003623   315.456060
0.003633   315.500400
0.003643   315.544720
0.003653   315.589021
0.003663   315.633308
0.003673   315.677583
0.003683   315.721847
0.003693   315.766101
0.003703   315.810347
0.003713   315.854585
0.003723   315.898816
0.003733   315.943040
0.003743   315.987257
0.003753   316.031468
0.003763   316.075672
0.003773   316.119871
0.003783   316.164063
0.003793   316.208250
0.003803   316.252430
0.003813   316.296605
0.003823   316.340773
0.003833   316.384936
0.003843   316.429093
0.003853   316.473244
0.003863   316.517390
0.003872   316.561530
0.003882   316.605663
0.003892   316.649792
0.003902   316.693914
0.003912   316.738030
0.003922   316.782141
0.003932   316.826246
0.003942   316.870346
0.003952   316.914439
0.003962   316.958527
0.003972   317.002609
0.003982   317.046685
0.003992   317.090756
0.004002   317.134820
0.004012   317.178879
0.004022   317.222933
0.004032   317.266980
0.004042   317.311022
0.004052   317.355058
0.004062   317.399088
0.004072   317.443112
0.004082   317.487131
0.004092   317.531144
0.004102   317.575151
0.004112   317.619153
0.004121   317.663148
0.004131   317.707138
0.004141   317.751123
0.004151   317.795101
0.004161   317.839074
0.004171   317.883041
0.004181   317.927002
0.004191   317.970958
0.004201   318.014907
0.004211   318.058851
0.004221   318.102790
0.004231   318.146722
0.004241   318.190649
0.004251   318.234570
0.004261   318.278485
0.004271   318.322395
0.004281   318.366299
0.004291   318.410197
0.004301   318.454089
0.004311   318.497976
0.004321   318.541857
0.004331   318.585732
0.004341   318.629602
0.004351   318.673465
0.004360   318.717323
0.004370   318.761176
0.004380   318.805022
0.004390   318.848863
0.004400   318.892698
0.004410   318.936528
0.004420   318.980351
0.004430   319.024169
0.004440   319.067981
0.004450   319.111788
0.004460   319.155589
0.004470   319.199384
0.004480   319.243173
0.004490   319.286957
0.004500   319.330735
0.004510   319.374507
0.004520   319.418273
0.004530   319.462034
0.004540   319.505789
0.004550   319.549538
0.004560   319.593282
0.004570   319.637020
0.004579   319.680752
0.004589   319.724478
0.004599   319.768199
0.004609   319.811914
0.004619   319.855624
0.004629   319.899327
0.004639   319.943025
0.004649   319.986717
0.004659   320.030404
0.004669   320.074085
0.004679   320.117760
0.004689   320.161429
0.004699   320.205093
0.004709   320.248751
0.004719   320.292403
0.004729   320.336050
0.004739   320.379691
0.004749   320.423326
0.004759   320.466955
0.004769   320.510579
0.004779   320.554197
0.004789   320.597810
0.004798   320.641417
0.004808   320.685018
0.004818   320.728613
0.004828   320.772203
0.004838   320.815786
0.004848   320.859365
0.004858   320.902937
0.004868   320.946504
0.004878   320.990065
0.004888   321.033621
0.004898   321.077171
0.004908   321.120715
0.004918   321.164253
0.004928   321.207786
0.004938   321.251313
0.004948   321.294834
0.004958   321.338350
0.004968   321.381860
0.004978   321.425365
0.004988   321.468863
0.004997   321.512356
0.005007   321.555843
0.005017   321.599325
0.005027   321.642801
0.005037   321.686271
0.005047   321.729736
0.005057   321.773195
0.005067   321.816648
0.005077   321.860096
0.005087   321.903538
0.005097   321.946974
0.005107   321.990404
0.005117   322.033829
0.005127   322.077248
0.005137   322.120662
0.005147   322.164070
0.005157   322.207472
0.005167   322.250869
0.005177   322.294259
0.005187   322.337645
0.005196   322.381024
0.005206   322.424398
0.005216   322.467766
0.005226   322.511129
0.005236   322.554486
0.005246   322.597837
0.005256   322.641183
0.005266   322.684522
0.005276   322.727857
0.005286   322.771185
0.005296   322.814508
0.005306   322.857826
0.005316   322.901137
0.005326   322.944443
0.005336   322.987744
0.005346   323.031038
0.005356   323.074327
0.005366   323.117611
0.005376   323.160888
0.005385   323.204160
0.005395   323.247427
0.005405   323.290688
0.005415   323.333943
0.005425   323.377192
0.005435   323.420436
0.005445   323.463674
0.005455   323.506907
0.005465   323.550134
0.005475   323.593355
0.005485   323.636570
0.005495   323.679780
0.005505   323.722985
0.005515   323.766183
0.005525   323.809376
0.005535   323.852564
0.005545   323.895746
0.005555   323.938922
0.005564   323.982092
0.005574   324.025257
0.005584   324.068416
0.005594   324.111570
0.005604   324.154718
0.005614   324.197860
0.005624   324.240997
0.005634   324.284128
0.005644   324.327253
0.005654   324.370373
0.005664   324.413487
0.005674   324.456596
0.005684   324.499699
0.005694   324.542796
0.005704   324.585888
0.005714   324.628974
0.005724   324.672054
0.005734   324.715129
0.005743   324.758198
0.005753   324.801262
0.005763   324.844320
0.005773   324.887372
0.005783   324.930419
0.005793   324.973460
0.005803   325.016495
0.005813   325.059525
0.005823   325.102549
0.005833   325.145568
0.005843   325.188581
0.005853   325.231588
0.005863   325.274590
0.005873   325.317586
0.005883   325.360577
0.005893   325.403562
0.005903   325.446541
0.005912   325.489515
0.005922   325.532483
0.005932   325.575445
0.005942   325.618402
0.005952   325.661353
0.005962   325.704299
0.005972   325.747239
0.005982   325.790173
0.005992   325.833102
0.006002   325.876025
0.006012   325.918943
0.006022   325.961855
0.006032   326.004762
0.006042   326.047662
0.006052   326.090558
0.006062   326.133447
0.006072   326.176331
0.006081   326.219210
0.006091   326.262083
0.006101   326.304950
0.006111   326.347812
0.006121   326.390668
0.006131   326.433518
0.006141   326.476363
0.006151   326.519202
0.006161   326.562036
0.006171   326.604864
0.006181   326.647687
0.006191   326.690503
0.006201   326.733315
0.006211   326.776121
0.006221   326.818921
0.006231   326.861715
0.006240   326.904504
0.006250   326.947288
0.006260   326.990066
0.006270   327.032838
0.006280   327.075604
0.006290   327.118365
0.006300   327.161121
0.006310   327.203871
0.006320   327.246615
0.006330   327.289354
0.006340   327.332087
0.006350   327.374815
0.006360   327.417537
0.006370   327.460253
0.006380   327.502964
0.006390   327.545669
0.006399   327.588369
0.006409   327.631063
0.006419   327.673752
0.006429   327.716435
0.006439   327.759112
0.006449   327.801784
0.006459   327.844451
0.006469   327.887111
0.006479   327.929766
0.006489   327.972416
0.006499   328.015060
0.006509   328.057699
0.006519   328.100332
0.006529   328.142959
0.006539   328.185581
0.006549   328.228197
0.006558   328.270808
0.006568   328.313413
0.006578   328.356012
0.006588   328.398606
0.006598   328.441195
0.006608   328.483777
0.006618   328.526355
0.006628   328.568927
0.006638   328.611493
0.006648   328.654053
0.006658   328.696608
0.006668   328.739158
0.006678   328.781702
0.006688   328.824240
0.006698   328.866773
0.006707   328.909301
0.006717   328.951822
0.006727   328.994339
0.006737   329.036849
0.006747   329.079355
0.006757   329.121854
0.006767   329.164348
0.006777   329.206837
0.006787   329.249320
0.006797   329.291797
0.006807   329.334269
0.006817   329.376735
0.006827   329.419196
0.006837   329.461651
0.006847   329.504101
0.006856   329.546545
0.006866   329.588984
0.006876   329.631417
0.006886   329.673845
0.006896   329.716267
0.006906   329.758683
0.006916   329.801094
0.006926   329.843500
0.006936   329.885899
0.006946   329.928294
0.006956   329.970683
0.006966   330.013066
0.006976   330.055444
0.006986   330.097816
0.006995   330.140183
0.007005   330.182544
0.007015   330.224899
0.007025   330.267250
0.007035   330.309594
0.007045   330.351933
0.007055   330.394267
0.007065   330.436595
0.007075   330.478917
0.007085   330.521234
0.007095   330.563546
0.007105   330.605852
0.007115   330.648152
0.007125   330.690447
0.007134   330.732737
0.007144   330.775021
0.007154   330.817299
0.007164   330.859572
0.007174   330.901839
0.007184   330.944101
0.007194   330.986357
0.007204   331.028608
0.007214   331.070853
0.007224   331.113093
0.007234   331.155327
0.007244   331.197556
0.007254   331.239779
0.007264   331.281997
0.007273   331.324209
0.007283   331.366416
0.007293   331.408617
0.007303   331.450813
0.007313   331.493003
0.007323   331.535188
0.007333   331.577367
0.007343   331.619541
0.007353   331.661709
0.007363   331.703872
0.007373   331.746029
0.007383   331.788181
0.007393   331.830327
0.007403   331.872467
0.007412   331.914603
0.007422   331.956732
0.007432   331.998857
0.007442   332.040975
0.007452   332.083089
0.007462   332.125196
0.007472   332.167298
0.007482   332.209395
0.007492   332.251487
0.007502   332.293572
0.007512   332.335653
0.007522   332.377727
0.007532   332.419797
0.007541   332.461860
0.007551   332.503919
0.007561   332.545972
0.007571   332.588019
0.007581   332.630061
0.007591   332.672097
0.007601   332.714128
0.007611   332.756154
0.007621   332.798174
0.007631   332.840188
0.007641   332.882197
0.007651   332.924200
0.007661   332.966198
0.007671   333.008191
0.007680   333.050178
0.007690   333.092160
0.007700   333.134136
0.007710   333.176106
0.007720   333.218072
0.007730   333.260031
0.007740   333.301986
0.007750   333.343934
0.007760   333.385878
0.007770   333.427815
0.007780   333.469748
0.007790   333.511675
0.007800   333.553596
0.007809   333.595512
0.007819   333.637422
0.007829   333.679327
0.007839   333.721227
0.007849   333.763121
0.007859   333.805010
0.007869   333.846893
0.007879   333.888770
0.007889   333.930643
0.007899   333.972509
0.007909   334.014371
0.007919   334.056227
0.007928   334.098077
0.007938   334.139922
0.007948   334.181761
0.007958   334.223595
0.007968   334.265424
0.007978   334.307247
0.007988   334.349065
0.007998   334.390877
0.008008   334.432684
0.008018   334.474485
0.008028   334.516281
0.008038   334.558071
0.008048   334.599856
0.008057   334.641636
0.008067   334.683410
0.008077   334.725178
0.008087   334.766941
0.008097   334.808699
0.008107   334.850451
0.008117   334.892198
0.008127   334.933940
0.008137   334.975676
0.008147   335.017406
0.008157   335.059131
0.008167   335.100851
0.008176   335.142565
0.008186   335.184274
0.008196   335.225977
0.008206   335.267675
0.008216   335.309367
0.008226   335.351054
0.008236   335.392736
0.008246   335.434412
0.008256   335.476082
0.008266   335.517748
0.008276   335.559408
0.008286   335.601062
0.008295   335.642711
0.008305   335.684354
0.008315   335.725992
0.008325   335.767625
0.008335   335.809252
0.008345   335.850874
0.008355   335.892491
0.008365   335.934101
0.008375   335.975707
0.008385   336.017307
0.008395   336.058902
0.008405   336.100491
0.008414   336.142075
0.008424   336.183653
0.008434   336.225226
0.008444   336.266794
0.008454   336.308356
0.008464   336.349913
0.008474   336.391464
0.008484   336.433010
0.008494   336.474550
0.008504   336.516085
0.008514   336.557615
0.008524   336.599139
0.008533   336.640658
0.008543   336.682172
0.008553   336.723680
0.008563   336.765182
0.008573   336.806679
0.008583   336.848171
0.008593   336.889657
0.008603   336.931138
0.008613   336.972614
0.008623   337.014084
0.008633   337.055549
0.008643   337.097008
0.008652   337.138462
0.008662   337.179911
0.008672   337.221354
0.008682   337.262791
0.008692   337.304224
0.008702   337.345651
0.008712   337.387072
0.008722   337.428488
0.008732   337.469899
0.008742   337.511304
0.008752   337.552704
0.008762   337.594099
0.008771   337.635488
0.008781   337.676871
0.008791   337.718250
0.008801   337.759623
0.008811   337.800990
0.008821   337.842352
0.008831   337.883709
0.008841   337.925060
0.008851   337.966406
0.008861   338.007747
0.008871   338.049082
0.008880   338.090412
0.008890   338.131736
0.008900   338.173056
0.008910   338.214369
0.008920   338.255677
0.008930   338.296980
0.008940   338.338278
0.008950   338.379570
0.008960   338.420857
0.008970   338.462138
0.008980   338.503414
0.008989   338.544685
0.008999   338.585950
0.009009   338.627210
0.009019   338.668464
0.009029   338.709713
0.009039   338.750957
0.009049   338.792195
0.009059   338.833428
0.009069   338.874656
0.009079   338.915878
0.009089   338.957095
0.009098   338.998306
0.009108   339.039512
0.009118   339.080713
0.009128   339.121908
0.009138   339.163098
0.009148   339.204283
0.009158   339.245462
0.009168   339.286636
0.009178   339.327805
0.009188   339.368968
0.009198   339.410126
0.009207   339.451278
0.009217   339.492425
0.009227   339.533567
0.009237   339.574703
0.009247   339.615834
0.009257   339.656960
0.009267   339.698080
0.009277   339.739195
0.009287   339.780304
0.009297   339.821409
0.009307   339.862507
0.009316   339.903601
0.009326   339.944689
0.009336   339.985772
0.009346   340.026849
0.009356   340.067921
0.009366   340.108988
0.009376   340.150049
0.009386   340.191105
0.009396   340.232156
0.009406   340.273201
0.009416   340.314241
0.009425   340.355276
0.009435   340.396305
0.009445   340.437329
0.009455   340.478348
0.009465   340.519361
0.009475   340.560369
0.009485   340.601371
0.009495   340.642368
0.009505   340.683360
0.009515   340.724347
0.009524   340.765328
0.009534   340.806304
0.009544   340.847274
0.009554   340.888239
0.009564   340.929199
0.009574   340.970154
0.009584   341.011103
0.009594   341.052047
0.009604   341.092985
0.009614   341.133918
0.009624   341.174846
0.009633   341.215769
0.009643   341.256686
0.009653   341.297597
0.009663   341.338504
0.009673   341.379405
0.009683   341.420301
0.009693   341.461191
0.009703   341.502077
0.009713   341.542956
0.009723   341.583831
0.009732   341.624700
0.009742   341.665564
0.009752   341.706423
0.009762   341.747276
0.009772   341.788124
0.009782   341.828966
0.009792   341.869803
0.009802   341.910635
0.009812   341.951462
0.009822   341.992283
0.009832   342.033099
0.009841   342.073910
0.009851   342.114715
0.009861   342.155515
0.009871   342.196310
0.009881   342.237099
0.009891   342.277883
0.009901   342.318662
0.009911   342.359436
0.009921   342.400204
0.009931   342.440967
0.009940   342.481724
0.009950   342.522476
0.009960   342.563223
0.009970   342.603965
0.009980   342.644701
0.009990   342.685432
0.010000   342.726158
0.010010   342.766878
0.010020   342.807593
0.010030   342.848303
0.010039   342.889008
0.010049   342.929707
0.010059   342.970401
0.010069   343.011089
0.010079   343.051772
0.010089   343.092450
0.010099   343.133123
0.010109   343.173790
0.010119   343.214452
0.010129   343.255109
0.010138   343.295761
0.010148   343.336407
0.010158   343.377048
0.010168   343.417683
0.010178   343.458314
0.010188   343.498939
0.010198   343.539558
0.010208   343.580173
0.010218   343.620782
0.010228   343.661386
0.010237   343.701984
0.010247   343.742578
0.010257   343.783166
0.010267   343.823748
0.010277   343.864326
0.010287   343.904898
0.010297   343.945465
0.010307   343.986026
0.010317   344.026583
0.010326   344.067134
0.010336   344.107679
0.010346   344.148220
0.010356   344.188755
0.010366   344.229285
0.010376   344.269809
0.010386   344.310329
0.010396   344.350843
0.010406   344.391351
0.010416   344.431855
0.010425   344.472353
0.010435   344.512846
0.010445   344.553334
0.010455   344.593816
0.010465   344.634293
0.010475   344.674765
0.010485   344.715232
0.010495   344.755693
0.010505   344.796149
0.010515   344.836600
0.010524   344.877045
0.010534   344.917486
0.010544   344.957921
0.010554   344.998350
0.010564   345.038775
0.010574   345.079194
0.010584   345.119608
0.010594   345.160017
0.010604   345.200420
0.010613   345.240818
0.010623   345.281211
0.010633   345.321599
0.010643   345.361981
0.010653   345.402358
0.010663   345.442730
0.010673   345.483096
0.010683   345.523458
0.010693   345.563814
0.010703   345.604165
0.010712   345.644510
0.010722   345.684851
0.010732   345.725186
0.010742   345.765515
0.010752   345.805840
0.010762   345.846159
0.010772   345.886473
0.010782   345.926782
0.010792   345.967086
0.010801   346.007384
0.010811   346.047677
0.010821   346.087965
0.010831   346.128248
0.010841   346.168525
0.010851   346.208797
0.010861   346.249064
0.010871   346.289325
0.010881   346.329582
0.010890   346.369833
0.010900   346.410079
0.010910   346.450319
0.010920   346.490555
0.010930   346.530785
0.010940   346.571010
0.010950   346.611230
0.010960   346.651444
0.010970   346.691653
0.010980   346.731857
0.010989   346.772056
0.010999   346.812249
0.011009   346.852438
0.011019   346.892621
0.011029   346.932799
0.011039   346.972971
0.011049   347.013139
0.011059   347.053301
0.011069   347.093458
0.011078   347.133609
0.011088   347.173756
0.011098   347.213897
0.011108   347.254033
0.011118   347.294164
0.011128   347.334289
0.011138   347.374410
0.011148   347.414525
0.011158   347.454635
0.011167   347.494739
0.011177   347.534839
0.011187   347.574933
0.011197   347.615022
0.011207   347.655106
0.011217   347.695184
0.011227   347.735258
0.011237   347.775326
0.011247   347.815389
0.011256   347.855446
0.011266   347.895499
0.011276   347.935546
0.011286   347.975588
0.011296   348.015625
0.011306   348.055657
0.011316   348.095683
0.011326   348.135704
0.011336   348.175720
0.011345   348.215731
0.011355   348.255737
0.011365   348.295737
0.011375   348.335732
0.011385   348.375722
0.011395   348.415707
0.011405   348.455687
0.011415   348.495661
0.011424   348.535630
0.011434   348.575594
0.011444   348.615553
0.011454   348.655506
0.011464   348.695455
0.011474   348.735398
0.011484   348.775336
0.011494   348.815269
0.011504   348.855196
0.011513   348.895119
0.011523   348.935036
0.011533   348.974948
0.011543   349.014855
0.011553   349.054756
0.011563   349.094653
0.011573   349.134544
0.011583   349.174430
0.011593   349.214311
0.011602   349.254186
0.011612   349.294057
0.011622   349.333922
0.011632   349.373782
0.011642   349.413637
0.011652   349.453487
0.011662   349.493331
0.011672   349.533171
0.011682   349.573005
0.011691   349.612834
0.011701   349.652657
0.011711   349.692476
0.011721   349.732289
0.011731   349.772098
0.011741   349.811901
0.011751   349.851699
0.011761   349.891491
0.011770   349.931279
0.011780   349.971061
0.011790   350.010838
0.011800   350.050610
0.011810   350.090377
0.011820   350.130139
0.011830   350.169895
0.011840   350.209647
0.011850   350.249393
0.011859   350.289134
0.011869   350.328869
0.011879   350.368600
0.011889   350.408326
0.011899   350.448046
0.011909   350.487761
0.011919   350.527471
0.011929   350.567176
0.011938   350.606875
0.011948   350.646570
0.011958   350.686259
0.011968   350.725943
0.011978   350.765622
0.011988   350.805296
0.011998   350.844964
0.012008   350.884628
0.012017   350.924286
0.012027   350.963939
0.012037   351.003587
0.012047   351.043230
0.012057   351.082868
0.012067   351.122500
0.012077   351.162128
0.012087   351.201750
0.012097   351.241367
0.012106   351.280979
0.012116   351.320586
0.012126   351.360187
0.012136   351.399784
0.012146   351.439375
0.012156   351.478961
0.012166   351.518542
0.012176   351.558118
0.012185   351.597689
0.012195   351.637254
0.012205   351.676815
0.012215   351.716370
0.012225   351.755920
0.012235   351.795465
0.012245   351.835005
0.012255   351.874540
0.012264   351.914069
0.012274   351.953594
0.012284   351.993113
0.012294   352.032627
0.012304   352.072136
0.012314   352.111640
0.012324   352.151138
0.012334   352.190632
0.012344   352.230120
0.012353   352.269604
0.012363   352.309082
0.012373   352.348555
0.012383   352.388023
0.012393   352.427486
0.012403   352.466943
0.012413   352.506396
0.012423   352.545843
0.012432   352.585285
0.012442   352.624722
0.012452   352.664154
0.012462   352.703581
0.012472   352.743003
0.012482   352.782419
0.012492   352.821831
0.012502   352.861237
0.012511   352.900638
0.012521   352.940035
0.012531   352.979426
0.012541   353.018811
0.012551   353.058192
0.012561   353.097568
0.012571   353.136938
0.012581   353.176304
0.012590   353.215664
0.012600   353.255019
0.012610   353.294369
0.012620   353.333714
0.012630   353.373054
0.012640   353.412388
0.012650   353.451718
0.012660   353.491042
0.012669   353.530361
0.012679   353.569676
0.012689   353.608985
0.012699   353.648289
0.012709   353.687588
0.012719   353.726881
0.012729   353.766170
0.012739   353.805453
0.012748   353.844732
0.012758   353.884005
0.012768   353.923273
0.012778   353.962537
0.012788   354.001795
0.012798   354.041047
0.012808   354.080295
0.012818   354.119538
0.012827   354.158776
0.012837   354.198008
0.012847   354.237235
0.012857   354.276458
0.012867   354.315675
0.012877   354.354887
0.012887   354.394094
0.012896   354.433296
0.012906   354.472493
0.012916   354.511684
0.012926   354.550871
0.012936   354.590052
0.012946   354.629229
0.012956   354.668400
0.012966   354.707566
0.012975   354.746727
0.012985   354.785884
0.012995   354.825034
0.013005   354.864180
0.013015   354.903321
0.013025   354.942457
0.013035   354.981587
0.013045   355.020713
0.013054   355.059833
0.013064   355.098949
0.013074   355.138059
0.013084   355.177164
0.013094   355.216264
0.013104   355.255359
0.013114   355.294449
0.013124   355.333534
0.013133   355.372614
0.013143   355.411688
0.013153   355.450758
0.013163   355.489823
0.013173   355.528882
0.013183   355.567936
0.013193   355.606986
0.013202   355.646030
0.013212   355.685069
0.013222   355.724103
0.013232   355.763132
0.013242   355.802156
0.013252   355.841175
0.013262   355.880189
0.013272   355.919197
0.013281   355.958201
0.013291   355.997199
0.013301   356.036193
0.013311   356.075181
0.013321   356.114165
0.013331   356.153143
0.013341   356.192116
0.013350   356.231084
0.013360   356.270047
0.013370   356.309005
0.013380   356.347958
0.013390   356.386906
0.013400   356.425849
0.013410   356.464787
0.013420   356.503720
0.013429   356.542647
0.013439   356.581570
0.013449   356.620488
0.013459   356.659400
0.013469   356.698307
0.013479   356.737210
0.013489   356.776107
0.013498   356.814999
0.013508   356.853887
0.013518   356.892769
0.013528   356.931646
0.013538   356.970518
0.013548   357.009385
0.013558   357.048247
0.013568   357.087104
0.013577   357.125956
0.013587   357.164802
0.013597   357.203644
0.013607   357.242481
0.013617   357.281312
0.013627   357.320139
0.013637   357.358961
0.013646   357.397777
0.013656   357.436589
0.013666   357.475395
0.013676   357.514196
0.013686   357.552993
0.013696   357.591784
0.013706   357.630570
0.013716   357.669352
0.013725   357.708128
0.013735   357.746899
0.013745   357.785665
0.013755   357.824426
0.013765   357.863182
0.013775   357.901933
0.013785   357.940679
0.013794   357.979420
0.013804   358.018156
0.013814   358.056887
0.013824   358.095613
0.013834   358.134333
0.013844   358.173049
0.013854   358.211760
0.013863   358.250466
0.013873   358.289166
0.013883   358.327862
0.013893   358.366552
0.013903   358.405238
0.013913   358.443919
0.013923   358.482594
0.013932   358.521265
0.013942   358.559930
0.013952   358.598591
0.013962   358.637246
0.013972   358.675897
0.013982   358.714542
0.013992   358.753182
0.014002   358.791818
0.014011   358.830448
0.014021   358.869073
0.014031   358.907694
0.014041   358.946309
0.014051   358.984919
0.014061   359.023525
0.014071   359.062125
0.014080   359.100720
0.014090   359.139310
0.014100   359.177895
0.014110   359.216476
0.014120   359.255051
0.014130   359.293621
0.014140   359.332186
0.014149   359.370746
0.014159   359.409302
0.014169   359.447852
0.014179   359.486397
0.014189   359.524937
0.014199   359.563472
0.014209   359.602002
0.014218   359.640527
0.014228   359.679047
0.014238   359.717562
0.014248   359.756073
0.014258   359.794578
0.014268   359.833078
0.014278   359.871573
0.014287   359.910063
0.014297   359.948548
0.014307   359.987028
0.014317   360.025503
0.014327   360.063973
0.014337   360.102438
0.014347   360.140898
0.014356   360.179354
0.014366   360.217804
0.014376   360.256249
0.014386   360.294689
0.014396   360.333124
0.014406   360.371554
0.014416   360.409979
0.014425   360.448400
0.014435   360.486815
0.014445   360.525225
0.014455   360.563630
0.014465   360.602030
0.014475   360.640426
0.014485   360.678816
0.014494   360.717201
0.014504   360.755581
0.014514   360.793957
0.014524   360.832327
0.014534   360.870692
0.014544   360.909053
0.014554   360.947408
0.014563   360.985758
0.014573   361.024104
0.014583   361.062444
0.014593   361.100780
0.014603   361.139110
0.014613   361.177436
0.014623   361.215756
0.014632   361.254072
0.014642   361.292382
0.014652   361.330688
0.014662   361.368988
0.014672   361.407284
0.014682   361.445575
0.014692   361.483860
0.014701   361.522141
0.014711   361.560417
0.014721   361.598688
0.014731   361.636953
0.014741   361.675214
0.014751   361.713470
0.014761   361.751721
0.014770   361.789967
0.014780   361.828208
0.014790   361.866444
0.014800   361.904675
0.014810   361.942901
0.014820   361.981122
0.014829   362.019338
0.014839   362.057549
0.014849   362.095756
0.014859   362.133957
0.014869   362.172153
0.014879   362.210345
0.014889   362.248531
0.014898   362.286712
0.014908   362.324889
0.014918   362.363060
0.014928   362.401227
0.014938   362.439389
0.014948   362.477545
0.014958   362.515697
0.014967   362.553844
0.014977   362.591986
0.014987   362.630122
0.014997   362.668254
0.015007   362.706381
0.015017   362.744503
0.015027   362.782620
0.015036   362.820732
0.015046   362.858840
0.015056   362.896942
0.015066   362.935039
0.015076   362.973131
0.015086   363.011219
0.015095   363.049301
0.015105   363.087379
0.015115   363.125451
0.015125   363.163519
0.015135   363.201582
0.015145   363.239639
0.015155   363.277692
0.015164   363.315740
0.015174   363.353783
0.015184   363.391821
0.015194   363.429854
0.015204   363.467882
0.015214   363.505905
0.015224   363.543923
0.015233   363.581937
0.015243   363.619945
0.015253   363.657948
0.015263   363.695947
0.015273   363.733940
0.015283   363.771929
0.015292   363.809913
0.015302   363.847892
0.015312   363.885865
0.015322   363.923834
0.015332   363.961798
0.015342   363.999757
0.015352   364.037711
0.015361   364.075661
0.015371   364.113605
0.015381   364.151544
0.015391   364.189479
0.015401   364.227408
0.015411   364.265333
0.015420   364.303253
0.015430   364.341167
0.015440   364.379077
0.015450   364.416982
0.015460   364.454882
0.015470   364.492777
0.015480   364.530667
0.015489   364.568552
0.015499   364.606433
0.015509   364.644308
0.015519   364.682179
0.015529   364.720044
0.015539   364.757905
0.015548   364.795761
0.015558   364.833612
0.015568   364.871457
0.015578   364.909298
0.015588   364.947135
0.015598   364.984966
0.015608   365.022792
0.015617   365.060613
0.015627   365.098430
0.015637   365.136241
0.015647   365.174048
0.015657   365.211850
0.015667   365.249647
0.015676   365.287439
0.015686   365.325226
0.015696   365.363008
0.015706   365.400785
0.015716   365.438557
0.015726   365.476325
0.015736   365.514087
0.015745   365.551845
0.015755   365.589598
0.015765   365.627346
0.015775   365.665089
0.015785   365.702827
0.015795   365.740560
0.015804   365.778288
0.015814   365.816011
0.015824   365.853730
0.015834   365.891443
0.015844   365.929152
0.015854   365.966856
0.015864   366.004555
0.015873   366.042249
0.015883   366.079938
0.015893   366.117622
0.015903   366.155302
0.015913   366.192976
0.015923   366.230646
0.015932   366.268310
0.015942   366.305970
0.015952   366.343625
0.015962   366.381275
0.015972   366.418920
0.015982   366.456560
0.015991   366.494196
0.016001   366.531826
0.016011   366.569452
0.016021   366.607073
0.016031   366.644689
0.016041   366.682299
0.016050   366.719906
0.016060   366.757507
0.016070   366.795103
0.016080   366.832695
0.016090   366.870281
0.016100   366.907863
0.016110   366.945440
0.016119   366.983012
0.016129   367.020579
0.016139   367.058141
0.016149   367.095698
0.016159   367.133251
0.016169   367.170799
0.016178   367.208341
0.016188   367.245879
0.016198   367.283412
0.016208   367.320940
0.016218   367.358464
0.016228   367.395982
0.016237   367.433496
0.016247   367.471004
0.016257   367.508508
0.016267   367.546007
0.016277   367.583501
0.016287   367.620990
0.016296   367.658475
0.016306   367.695954
0.016316   367.733429
0.016326   367.770899
0.016336   367.808363
0.016346   367.845824
0.016356   367.883279
0.016365   367.920729
0.016375   367.958175
0.016385   367.995615
0.016395   368.033051
0.016405   368.070482
0.016415   368.107908
0.016424   368.145329
0.016434   368.182746
0.016444   368.220157
0.016454   368.257564
0.016464   368.294966
0.016474   368.332363
0.016483   368.369755
0.016493   368.407142
0.016503   368.444524
0.016513   368.481902
0.016523   368.519275
0.016533   368.556643
0.016542   368.594006
0.016552   368.631364
0.016562   368.668717
0.016572   368.706066
0.016582   368.743409
0.016592   368.780748
0.016601   368.818082
0.016611   368.855411
0.016621   368.892736
0.016631   368.930055
0.016641   368.967370
0.016651   369.004680
0.016660   369.041984
0.016670   369.079285
0.016680   369.116580
0.016690   369.153870
0.016700   369.191156
0.016710   369.228437
0.016719   369.265713
0.016729   369.302984
0.016739   369.340250
0.016749   369.377512
0.016759   369.414768
0.016769   369.452020
0.016778   369.489267
0.016788   369.526509
0.016798   369.563746
0.016808   369.600979
0.016818   369.638207
0.016828   369.675429
0.016837   369.712647
0.016847   369.749861
0.016857   369.787069
0.016867   369.824272
0.016877   369.861471
0.016887   369.898665
0.016896   369.935854
0.016906   369.973038
0.016916   370.010218
0.016926   370.047392
0.016936   370.084562
0.016946   370.121727
0.016955   370.158887
0.016965   370.196043
0.016975   370.233193
0.016985   370.270339
0.016995   370.307480
0.017005   370.344616
0.017014   370.381747
0.017024   370.418874
0.017034   370.455995
0.017044   370.493112
0.017054   370.530224
0.017064   370.567331
0.017073   370.604434
0.017083   370.641531
0.017093   370.678624
0.017103   370.715712
0.017113   370.752795
0.017123   370.789874
0.017132   370.826947
0.017142   370.864016
0.017152   370.901080
0.017162   370.938139
0.017172   370.975194
0.017182   371.012243
0.017191   371.049288
0.017201   371.086328
0.017211   371.123363
0.017221   371.160393
0.017231   371.197419
0.017241   371.234440
0.017250   371.271456
0.017260   371.308467
0.017270   371.345473
0.017280   371.382475
0.017290   371.419472
0.017299   371.456464
0.017309   371.493451
0.017319   371.530433
0.017329   371.567411
0.017339   371.604384
0.017349   371.641352
0.017358   371.678315
0.017368   371.715273
0.017378   371.752227
0.017388   371.789176
0.017398   371.826120
0.017408   371.863059
0.017417   371.899994
0.017427   371.936924
0.017437   371.973848
0.017447   372.010769
0.017457   372.047684
0.017467   372.084595
0.017476   372.121500
0.017486   372.158401
0.017496   372.195298
0.017506   372.232189
0.017516   372.269076
0.017526   372.305958
0.017535   372.342835
0.017545   372.379707
0.017555   372.416575
0.017565   372.453438
0.017575   372.490296
0.017584   372.527149
0.017594   372.563998
0.017604   372.600841
0.017614   372.637680
0.017624   372.674514
0.017634   372.711344
0.017643   372.748168
0.017653   372.784988
0.017663   372.821803
0.017673   372.858614
0.017683   372.895419
0.017693   372.932220
0.017702   372.969016
0.017712   373.005807
0.017722   373.042594
0.017732   373.079375
0.017742   373.116152
0.017752   373.152925
0.017761   373.189692
0.017771   373.226455
0.017781   373.263213
0.017791   373.299966
0.017801   373.336714
0.017810   373.373458
0.017820   373.410197
0.017830   373.446931
0.017840   373.483660
0.017850   373.520385
0.017860   373.557105
0.017869   373.593820
0.017879   373.630530
0.017889   373.667236
0.017899   373.703936
0.017909   373.740633
0.017919   373.777324
0.017928   373.814010
0.017938   373.850692
0.017948   373.887369
0.017958   373.924042
0.017968   373.960709
0.017977   373.997372
0.017987   374.034030
0.017997   374.070683
0.018007   374.107332
0.018017   374.143976
0.018027   374.180615
0.018036   374.217249
0.018046   374.253879
0.018056   374.290504
0.018066   374.327124
0.018076   374.363739
0.018085   374.400350
0.018095   374.436956
0.018105   374.473557
0.018115   374.510153
0.018125   374.546745
0.018135   374.583332
0.018144   374.619914
0.018154   374.656492
0.018164   374.693064
0.018174   374.729632
0.018184   374.766196
0.018193   374.802754
0.018203   374.839308
0.018213   374.875857
0.018223   374.912401
0.018233   374.948941
0.018243   374.985476
0.018252   375.022006
0.018262   375.058531
0.018272   375.095052
0.018282   375.131568
0.018292   375.168079
0.018302   375.204586
0.018311   375.241087
0.018321   375.277585
0.018331   375.314077
0.018341   375.350564
0.018351   375.387047
0.018360   375.423525
0.018370   375.459999
0.018380   375.496468
0.018390   375.532932
0.018400   375.569391
0.018410   375.605845
0.018419   375.642295
0.018429   375.678740
0.018439   375.715181
0.018449   375.751616
0.018459   375.788047
0.018468   375.824474
0.018478   375.860895
0.018488   375.897312
0.018498   375.933724
0.018508   375.970131
0.018517   376.006534
0.018527   376.042932
0.018537   376.079325
0.018547   376.115714
0.018557   376.152098
0.018567   376.188477
0.018576   376.224851
0.018586   376.261221
0.018596   376.297586
0.018606   376.333946
0.018616   376.370302
0.018625   376.406653
0.018635   376.442999
0.018645   376.479340
0.018655   376.515677
0.018665   376.552009
0.018675   376.588337
0.018684   376.624659
0.018694   376.660977
0.018704   376.697291
0.018714   376.733599
0.018724   376.769903
0.018733   376.806202
0.018743   376.842497
0.018753   376.878786
0.018763   376.915071
0.018773   376.951352
0.018782   376.987628
0.018792   377.023899
0.018802   377.060165
0.018812   377.096426
0.018822   377.132683
0.018832   377.168936
0.018841   377.205183
0.018851   377.241426
0.018861   377.277664
0.018871   377.313898
0.018881   377.350126
0.018890   377.386350
0.018900   377.422570
0.018910   377.458785
0.018920   377.494995
0.018930   377.531200
0.018940   377.567401
0.018949   377.603597
0.018959   377.639788
0.018969   377.675975
0.018979   377.712156
0.018989   377.748334
0.018998   377.784506
0.019008   377.820674
0.019018   377.856837
0.019028   377.892996
0.019038   377.929150
0.019047   377.965299
0.019057   378.001443
0.019067   378.037583
0.019077   378.073718
0.019087   378.109849
0.019096   378.145975
0.019106   378.182096
0.019116   378.218212
0.019126   378.254324
0.019136   378.290431
0.019146   378.326534
0.019155   378.362631
0.019165   378.398725
0.019175   378.434813
0.019185   378.470897
0.019195   378.506976
0.019204   378.543050
0.019214   378.579120
0.019224   378.615185
0.019234   378.651246
0.019244   378.687301
0.019253   378.723352
0.019263   378.759399
0.019273   378.795441
0.019283   378.831478
0.019293   378.867510
0.019303   378.903538
0.019312   378.939561
0.019322   378.975580
0.019332   379.011593
0.019342   379.047603
0.019352   379.083607
0.019361   379.119607
0.019371   379.155602
0.019381   379.191593
0.019391   379.227579
0.019401   379.263560
0.019410   379.299536
0.019420   379.335508
0.019430   379.371476
0.019440   379.407438
0.019450   379.443396
0.019459   379.479349
0.019469   379.515298
0.019479   379.551242
0.019489   379.587181
0.019499   379.623116
0.019508   379.659046
0.019518   379.694972
0.019528   379.730892
0.019538   379.766809
0.019548   379.802720
0.019557   379.838627
0.019567   379.874529
0.019577   379.910427
0.019587   379.946320
0.019597   379.982208
0.019607   380.018092
0.019616   380.053971
0.019626   380.089845
0.019636   380.125715
0.019646   380.161580
0.019656   380.197440
0.019665   380.233296
0.019675   380.269147
0.019685   380.304994
0.019695   380.340836
0.019705   380.376673
0.019714   380.412506
0.019724   380.448334
0.019734   380.484157
0.019744   380.519976
0.019754   380.555790
0.019763   380.591599
0.019773   380.627404
0.019783   380.663204
0.019793   380.699000
0.019803   380.734791
0.019812   380.770577
0.019822   380.806359
0.019832   380.842136
0.019842   380.877908
0.019852   380.913676
0.019861   380.949439
0.019871   380.985198
0.019881   381.020952
0.019891   381.056701
0.019901   381.092446
0.019910   381.128186
0.019920   381.163922
0.019930   381.199653
0.019940   381.235379
0.019950   381.271100
0.019959   381.306817
0.019969   381.342530
0.019979   381.378238
0.019989   381.413941
0.019999   381.449639
0.020008   381.485333
0.020018   381.521023
0.020028   381.556707
0.020038   381.592387
0.020048   381.628063
0.020057   381.663734
0.020067   381.699400
0.020077   381.735062
0.020087   381.770719
0.020097   381.806371
0.020107   381.842019
0.020116   381.877662
0.020126   381.913301
0.020136   381.948935
0.020146   381.984564
0.020156   382.020189
0.020165   382.055809
0.020175   382.091425
0.020185   382.127036
0.020195   382.162642
0.020205   382.198244
0.020214   382.233841
0.020224   382.269434
0.020234   382.305021
0.020244   382.340605
0.020254   382.376184
0.020263   382.411758
0.020273   382.447327
0.020283   382.482892
0.020293   382.518453
0.020303   382.554009
0.020312   382.589560
0.020322   382.625106
0.020332   382.660648
0.020342   382.696186
0.020351   382.731719
0.020361   382.767247
0.020371   382.802771
0.020381   382.838290
0.020391   382.873804
0.020400   382.909314
0.020410   382.944819
0.020420   382.980320
0.020430   383.015816
0.020440   383.051308
0.020449   383.086795
0.020459   383.122277
0.020469   383.157755
0.020479   383.193228
0.020489   383.228696
0.020498   383.264160
0.020508   383.299620
0.020518   383.335075
0.020528   383.370525
0.020538   383.405971
0.020547   383.441412
0.020557   383.476848
0.020567   383.512280
0.020577   383.547708
0.020587   383.583131
0.020596   383.618549
0.020606   383.653962
0.020616   383.689372
0.020626   383.724776
0.020636   383.760176
0.020645   383.795571
0.020655   383.830962
0.020665   383.866348
0.020675   383.901730
0.020685   383.937107
0.020694   383.972480
0.020704   384.007848
0.020714   384.043211
0.020724   384.078570
0.020734   384.113924
0.020743   384.149274
0.020753   384.184619
0.020763   384.219959
0.020773   384.255295
0.020783   384.290627
0.020792   384.325953
0.020802   384.361276
0.020812   384.396593
0.020822   384.431907
0.020832   384.467215
0.020841   384.502519
0.020851   384.537819
0.020861   384.573114
0.020871   384.608404
0.020880   384.643690
0.020890   384.678971
0.020900   384.714248
0.020910   384.749520
0.020920   384.784787
0.020929   384.820050
0.020939   384.855309
0.020949   384.890563
0.020959   384.925812
0.020969   384.961057
0.020978   384.996297
0.020988   385.031533
0.020998   385.066764
0.021008   385.101991
0.021018   385.137213
0.021027   385.172430
0.021037   385.207643
0.021047   385.242852
0.021057   385.278056
0.021067   385.313255
0.021076   385.348450
0.021086   385.383640
0.021096   385.418826
0.021106   385.454007
0.021115   385.489183
0.021125   385.524355
0.021135   385.559523
0.021145   385.594686
0.021155   385.629844
0.021164   385.664998
0.021174   385.700148
0.021184   385.735292
0.021194   385.770433
0.021204   385.805568
0.021213   385.840700
0.021223   385.875826
0.021233   385.910948
0.021243   385.946066
0.021253   385.981179
0.021262   386.016288
0.021272   386.051392
0.021282   386.086491
0.021292   386.121586
0.021302   386.156676
0.021311   386.191762
0.021321   386.226844
0.021331   386.261920
0.021341   386.296993
0.021350   386.332061
0.021360   386.367124
0.021370   386.402182
0.021380   386.437237
0.021390   386.472286
0.021399   386.507331
0.021409   386.542372
0.021419   386.577408
0.021429   386.612440
0.021439   386.647467
0.021448   386.682489
0.021458   386.717507
0.021468   386.752521
0.021478   386.787530
0.021487   386.822534
0.021497   386.857534
0.021507   386.892530
0.021517   386.927520
0.021527   386.962507
0.021536   386.997489
0.021546   387.032466
0.021556   387.067439
0.021566   387.102407
0.021576   387.137371
0.021585   387.172330
0.021595   387.207285
0.021605   387.242235
0.021615   387.277181
0.021624   387.312122
0.021634   387.347059
0.021644   387.381991
0.021654   387.416919
0.021664   387.451842
0.021673   387.486761
0.021683   387.521675
0.021693   387.556585
0.021703   387.591490
0.021713   387.626391
0.021722   387.661287
0.021732   387.696178
0.021742   387.731066
0.021752   387.765948
0.021761   387.800826
0.021771   387.835700
0.021781   387.870569
0.021791   387.905434
0.021801   387.940294
0.021810   387.975150
0.021820   388.010001
0.021830   388.044848
0.021840   388.079690
0.021850   388.114527
0.021859   388.149361
0.021869   388.184189
0.021879   388.219014
0.021889   388.253833
0.021898   388.288648
0.021908   388.323459
0.021918   388.358265
0.021928   388.393067
0.021938   388.427864
0.021947   388.462657
0.021957   388.497445
0.021967   388.532229
0.021977   388.567009
0.021987   388.601783
0.021996   388.636554
0.022006   388.671319
0.022016   388.706081
0.022026   388.740838
0.022035   388.775590
0.022045   388.810338
0.022055   388.845081
0.022065   388.879820
0.022075   388.914555
0.022084   388.949285
0.022094   388.984010
0.022104   389.018731
0.022114   389.053448
0.022123   389.088160
0.022133   389.122867
0.022143   389.157570
0.022153   389.192269
0.022163   389.226963
0.022172   389.261653
0.022182   389.296338
0.022192   389.331019
0.022202   389.365695
0.022211   389.400367
0.022221   389.435034
0.022231   389.469697
0.022241   389.504355
0.022251   389.539009
0.022260   389.573659
0.022270   389.608304
0.022280   389.642944
0.022290   389.677580
0.022300   389.712212
0.022309   389.746839
0.022319   389.781461
0.022329   389.816080
0.022339   389.850693
0.022348   389.885302
0.022358   389.919907
0.022368   389.954507
0.022378   389.989103
0.022388   390.023695
0.022397   390.058282
0.022407   390.092864
0.022417   390.127442
0.022427   390.162016
0.022436   390.196585
0.022446   390.231149
0.022456   390.265709
0.022466   390.300265
0.022476   390.334816
0.022485   390.369363
0.022495   390.403905
0.022505   390.438443
0.022515   390.472977
0.022524   390.507506
0.022534   390.542030
0.022544   390.576550
0.022554   390.611066
0.022564   390.645577
0.022573   390.680084
0.022583   390.714586
0.022593   390.749084
0.022603   390.783577
0.022612   390.818066
0.022622   390.852551
0.022632   390.887031
0.022642   390.921506
0.022652   390.955977
0.022661   390.990444
0.022671   391.024906
0.022681   391.059364
0.022691   391.093818
0.022700   391.128266
0.022710   391.162711
0.022720   391.197151
0.022730   391.231587
0.022739   391.266018
0.022749   391.300445
0.022759   391.334867
0.022769   391.369285
0.022779   391.403698
0.022788   391.438107
0.022798   391.472512
0.022808   391.506912
0.022818   391.541307
0.022827   391.575699
0.022837   391.610085
0.022847   391.644468
0.022857   391.678846
0.022867   391.713219
0.022876   391.747588
0.022886   391.781953
0.022896   391.816313
0.022906   391.850669
0.022915   391.885020
0.022925   391.919367
0.022935   391.953710
0.022945   391.988048
0.022955   392.022381
0.022964   392.056711
0.022974   392.091035
0.022984   392.125356
0.022994   392.159672
0.023003   392.193983
0.023013   392.228290
0.023023   392.262593
0.023033   392.296891
0.023042   392.331185
0.023052   392.365475
0.023062   392.399760
0.023072   392.434040
0.023082   392.468316
0.023091   392.502588
0.023101   392.536855
0.023111   392.571118
0.023121   392.605377
0.023130   392.639631
0.023140   392.673881
0.023150   392.708126
0.023160   392.742367
0.023170   392.776603
0.023179   392.810835
0.023189   392.845063
0.023199   392.879286
0.023209   392.913505
0.023218   392.947719
0.023228   392.981929
0.023238   393.016135
0.023248   393.050336
0.023257   393.084533
0.023267   393.118725
0.023277   393.152913
0.023287   393.187096
0.023297   393.221276
0.023306   393.255450
0.023316   393.289621
0.023326   393.323786
0.023336   393.357948
0.023345   393.392105
0.023355   393.426258
0.023365   393.460406
0.023375   393.494550
0.023384   393.528690
0.023394   393.562825
0.023404   393.596955
0.023414   393.631082
0.023424   393.665204
0.023433   393.699321
0.023443   393.733434
0.023453   393.767543
0.023463   393.801647
0.023472   393.835747
0.023482   393.869843
0.023492   393.903934
0.023502   393.938021
0.023511   393.972103
0.023521   394.006181
0.023531   394.040255
0.023541   394.074324
0.023550   394.108389
0.023560   394.142449
0.023570   394.176505
0.023580   394.210557
0.023590   394.244604
0.023599   394.278647
0.023609   394.312686
0.023619   394.346720
0.023629   394.380750
0.023638   394.414775
0.023648   394.448796
0.023658   394.482812
0.023668   394.516825
0.023677   394.550832
0.023687   394.584836
0.023697   394.618835
0.023707   394.652830
0.023717   394.686820
0.023726   394.720806
0.023736   394.754787
0.023746   394.788765
0.023756   394.822737
0.023765   394.856706
0.023775   394.890670
0.023785   394.924630
0.023795   394.958585
0.023804   394.992536
0.023814   395.026482
0.023824   395.060425
0.023834   395.094362
0.023843   395.128296
0.023853   395.162225
0.023863   395.196150
0.023873   395.230070
0.023883   395.263986
0.023892   395.297898
0.023902   395.331805
0.023912   395.365708
0.023922   395.399606
0.023931   395.433500
0.023941   395.467390
0.023951   395.501275
0.023961   395.535157
0.023970   395.569033
0.023980   395.602906
0.023990   395.636773
0.024000   395.670637
0.024009   395.704496
0.024019   395.738351
0.024029   395.772202
0.024039   395.806048
0.024049   395.839890
0.024058   395.873727
0.024068   395.907560
0.024078   395.941389
0.024088   395.975213
0.024097   396.009033
0.024107   396.042849
0.024117   396.076660
0.024127   396.110467
0.024136   396.144270
0.024146   396.178068
0.024156   396.211862
0.024166   396.245652
0.024175   396.279437
0.024185   396.313218
0.024195   396.346994
0.024205   396.380766
0.024214   396.414534
0.024224   396.448298
0.024234   396.482057
0.024244   396.515812
0.024253   396.549562
0.024263   396.583308
0.024273   396.617050
0.024283   396.650787
0.024293   396.684520
0.024302   396.718249
0.024312   396.751973
0.024322   396.785693
0.024332   396.819409
0.024341   396.853121
0.024351   396.886828
0.024361   396.920530
0.024371   396.954229
0.024380   396.987923
0.024390   397.021612
0.024400   397.055298
0.024410   397.088979
0.024419   397.122655
0.024429   397.156328
0.024439   397.189996
0.024449   397.223659
0.024458   397.257319
0.024468   397.290973
0.024478   397.324624
0.024488   397.358270
0.024497   397.391912
0.024507   397.425550
0.024517   397.459184
0.024527   397.492813
0.024537   397.526437
0.024546   397.560058
0.024556   397.593674
0.024566   397.627285
0.024576   397.660893
0.024585   397.694496
0.024595   397.728094
0.024605   397.761689
0.024615   397.795279
0.024624   397.828865
0.024634   397.862446
0.024644   397.896023
0.024654   397.929596
0.024663   397.963165
0.024673   397.996729
0.024683   398.030289
0.024693   398.063844
0.024702   398.097395
0.024712   398.130942
0.024722   398.164485
0.024732   398.198023
0.024741   398.231557
0.024751   398.265087
0.024761   398.298612
0.024771   398.332133
0.024780   398.365650
0.024790   398.399162
0.024800   398.432670
0.024810   398.466174
0.024819   398.499673
0.024829   398.533168
0.024839   398.566659
0.024849   398.600146
0.024858   398.633628
0.024868   398.667106
0.024878   398.700580
0.024888   398.734049
0.024897   398.767514
0.024907   398.800974
0.024917   398.834431
0.024927   398.867883
0.024936   398.901331
0.024946   398.934774
0.024956   398.968213
0.024966   399.001648
0.024975   399.035079
0.024985   399.068505
0.024995   399.101927
0.025005   399.135345
0.025015   399.168758
0.025024   399.202167
0.025034   399.235572
0.025044   399.268972
0.025054   399.302369
0.025063   399.335760
0.025073   399.369148
0.025083   399.402531
0.025093   399.435910
0.025102   399.469285
0.025112   399.502655
0.025122   399.536022
0.025132   399.569383
0.025141   399.602741
0.025151   399.636094
0.025161   399.669443
0.025171   399.702788
0.025180   399.736128
0.025190   399.769464
0.025200   399.802796
0.025210   399.836124
0.025219   399.869447
0.025229   399.902766
0.025239   399.936081
0.025249   399.969391
0.025258   400.002697
0.025268   400.035999
0.025278   400.069296
0.025288   400.102590
0.025297   400.135879
0.025307   400.169163
0.025317   400.202444
0.025327   400.235720
0.025336   400.268992
0.025346   400.302259
0.025356   400.335523
0.025366   400.368782
0.025375   400.402036
0.025385   400.435287
0.025395   400.468533
0.025405   400.501775
0.025414   400.535013
0.025424   400.568246
0.025434   400.601475
0.025444   400.634700
0.025453   400.667921
0.025463   400.701137
0.025473   400.734349
0.025483   400.767557
0.025492   400.800760
0.025502   400.833959
0.025512   400.867154
0.025522   400.900345
0.025531   400.933531
0.025541   400.966713
0.025551   400.999891
0.025561   401.033065
0.025570   401.066234
0.025580   401.099399
0.025590   401.132560
0.025600   401.165717
0.025609   401.198869
0.025619   401.232017
0.025629   401.265161
0.025639   401.298300
0.025648   401.331436
0.025658   401.364567
0.025668   401.397693
0.025677   401.430816
0.025687   401.463934
0.025697   401.497048
0.025707   401.530158
0.025716   401.563263
0.025726   401.596364
0.025736   401.629461
0.025746   401.662554
0.025755   401.695642
0.025765   401.728727
0.025775   401.761807
0.025785   401.794882
0.025794   401.827954
0.025804   401.861021
0.025814   401.894084
0.025824   401.927142
0.025833   401.960197
0.025843   401.993247
0.025853   402.026293
0.025863   402.059335
0.025872   402.092372
0.025882   402.125405
0.025892   402.158434
0.025902   402.191459
0.025911   402.224479
0.025921   402.257496
0.025931   402.290508
0.025941   402.323515
0.025950   402.356519
0.025960   402.389518
0.025970   402.422513
0.025980   402.455504
0.025989   402.488490
0.025999   402.521473
0.026009   402.554451
0.026019   402.587425
0.026028   402.620394
0.026038   402.653360
0.026048   402.686321
0.026058   402.719278
0.026067   402.752230
0.026077   402.785179
0.026087   402.818123
0.026097   402.851063
0.026106   402.883998
0.026116   402.916930
0.026126   402.949857
0.026135   402.982780
0.026145   403.015699
0.026155   403.048614
0.026165   403.081524
0.026174   403.114430
0.026184   403.147332
0.026194   403.180230
0.026204   403.213123
0.026213   403.246012
0.026223   403.278897
0.026233   403.311778
0.026243   403.344654
0.026252   403.377527
0.026262   403.410395
0.026272   403.443259
0.026282   403.476118
0.026291   403.508974
0.026301   403.541825
0.026311   403.574672
0.026321   403.607515
0.026330   403.640353
0.026340   403.673188
0.026350   403.706018
0.026360   403.738843
0.026369   403.771665
0.026379   403.804483
0.026389   403.837296
0.026398   403.870105
0.026408   403.902910
0.026418   403.935710
0.026428   403.968507
0.026437   404.001299
0.026447   404.034087
0.026457   404.066871
0.026467   404.099650
0.026476   404.132425
0.026486   404.165197
0.026496   404.197963
0.026506   404.230726
0.026515   404.263485
0.026525   404.296239
0.026535   404.328989
0.026545   404.361735
0.026554   404.394477
0.026564   404.427214
0.026574   404.459947
0.026584   404.492676
0.026593   404.525401
0.026603   404.558122
0.026613   404.590838
0.026622   404.623551
0.026632   404.656259
0.026642   404.688963
0.026652   404.721662
0.026661   404.754358
0.026671   404.787049
0.026681   404.819736
0.026691   404.852419
0.026700   404.885098
0.026710   404.917772
0.026720   404.950442
0.026730   404.983108
0.026739   405.015770
0.026749   405.048428
0.026759   405.081081
0.026769   405.113731
0.026778   405.146376
0.026788   405.179017
0.026798   405.211654
0.026807   405.244286
0.026817   405.276914
0.026827   405.309539
0.026837   405.342159
0.026846   405.374774
0.026856   405.407386
0.026866   405.439993
0.026876   405.472597
0.026885   405.505196
0.026895   405.537791
0.026905   405.570381
0.026915   405.602968
0.026924   405.635550
0.026934   405.668128
0.026944   405.700702
0.026953   405.733272
0.026963   405.765837
0.026973   405.798399
0.026983   405.830956
0.026992   405.863509
0.027002   405.896058
0.027012   405.928603
0.027022   405.961143
0.027031   405.993680
0.027041   406.026212
0.027051   406.058740
0.027061   406.091264
0.027070   406.123783
0.027080   406.156299
0.027090   406.188810
0.027099   406.221317
0.027109   406.253820
0.027119   406.286319
0.027129   406.318813
0.027138   406.351304
0.027148   406.383790
0.027158   406.416272
0.027168   406.448750
0.027177   406.481224
0.027187   406.513693
0.027197   406.546159
0.027207   406.578620
0.027216   406.611077
0.027226   406.643530
0.027236   406.675979
0.027245   406.708424
0.027255   406.740864
0.027265   406.773300
0.027275   406.805732
0.027284   406.838160
0.027294   406.870584
0.027304   406.903004
0.027314   406.935419
0.027323   406.967831
0.027333   407.000238
0.027343   407.032641
0.027352   407.065040
0.027362   407.097434
0.027372   407.129825
0.027382   407.162211
0.027391   407.194593
0.027401   407.226971
0.027411   407.259345
0.027421   407.291715
0.027430   407.324081
0.027440   407.356442
0.027450   407.388799
0.027460   407.421153
0.027469   407.453502
0.027479   407.485846
0.027489   407.518187
0.027498   407.550524
0.027508   407.582856
0.027518   407.615184
0.027528   407.647508
0.027537   407.679828
0.027547   407.712144
0.027557   407.744456
0.027567   407.776763
0.027576   407.809067
0.027586   407.841366
0.027596   407.873661
0.027605   407.905952
0.027615   407.938239
0.027625   407.970521
0.027635   408.002800
0.027644   408.035074
0.027654   408.067345
0.027664   408.099611
0.027674   408.131873
0.027683   408.164130
0.027693   408.196384
0.027703   408.228634
0.027712   408.260879
0.027722   408.293120
0.027732   408.325358
0.027742   408.357591
0.027751   408.389819
0.027761   408.422044
0.027771   408.454265
0.027781   408.486481
0.027790   408.518694
0.027800   408.550902
0.027810   408.583106
0.027819   408.615306
0.027829   408.647502
0.027839   408.679693
0.027849   408.711881
0.027858   408.744064
0.027868   408.776244
0.027878   408.808419
0.027888   408.840590
0.027897   408.872757
0.027907   408.904920
0.027917   408.937078
0.027926   408.969233
0.027936   409.001384
0.027946   409.033530
0.027956   409.065672
0.027965   409.097810
0.027975   409.129944
0.027985   409.162074
0.027994   409.194200
0.028004   409.226321
0.028014   409.258439
0.028024   409.290552
0.028033   409.322661
0.028043   409.354766
0.028053   409.386867
0.028063   409.418964
0.028072   409.451057
0.028082   409.483146
0.028092   409.515230
0.028101   409.547311
0.028111   409.579387
0.028121   409.611459
0.028131   409.643527
0.028140   409.675591
0.028150   409.707651
0.028160   409.739707
0.028169   409.771759
0.028179   409.803806
0.028189   409.835850
0.028199   409.867889
0.028208   409.899924
0.028218   409.931955
0.028228   409.963983
0.028238   409.996005
0.028247   410.028024
0.028257   410.060039
0.028267   410.092050
0.028276   410.124056
0.028286   410.156058
0.028296   410.188057
0.028306   410.220051
0.028315   410.252041
0.028325   410.284027
0.028335   410.316009
0.028344   410.347987
0.028354   410.379960
0.028364   410.411930
0.028374   410.443896
0.028383   410.475857
0.028393   410.507814
0.028403   410.539767
0.028413   410.571717
0.028422   410.603662
0.028432   410.635603
0.028442   410.667539
0.028451   410.699472
0.028461   410.731401
0.028471   410.763325
0.028481   410.795246
0.028490   410.827162
0.028500   410.859074
0.028510   410.890983
0.028519   410.922887
0.028529   410.954787
0.028539   410.986683
0.028549   411.018575
0.028558   411.050462
0.028568   411.082346
0.028578   411.114226
0.028587   411.146101
0.028597   411.177973
0.028607   411.209840
0.028617   411.241703
0.028626   411.273562
0.028636   411.305417
0.028646   411.337268
0.028655   411.369115
0.028665   411.400958
0.028675   411.432797
0.028685   411.464632
0.028694   411.496462
0.028704   411.528289
0.028714   411.560111
0.028724   411.591930
0.028733   411.623744
0.028743   411.655554
0.028753   411.687360
0.028762   411.719162
0.028772   411.750960
0.028782   411.782754
0.028792   411.814544
0.028801   411.846330
0.028811   411.878112
0.028821   411.909889
0.028830   411.941663
0.028840   411.973432
0.028850   412.005198
0.028860   412.036959
0.028869   412.068716
0.028879   412.100470
0.028889   412.132219
0.028898   412.163964
0.028908   412.195705
0.028918   412.227442
0.028928   412.259175
0.028937   412.290904
0.028947   412.322628
0.028957   412.354349
0.028966   412.386066
0.028976   412.417778
0.028986   412.449487
0.028996   412.481191
0.029005   412.512892
0.029015   412.544588
0.029025   412.576280
0.029034   412.607969
0.029044   412.639653
0.029054   412.671333
0.029064   412.703009
0.029073   412.734681
0.029083   412.766349
0.029093   412.798013
0.029102   412.829673
0.029112   412.861328
0.029122   412.892980
0.029132   412.924628
0.029141   412.956271
0.029151   412.987911
0.029161   413.019546
0.029170   413.051178
0.029180   413.082805
0.029190   413.114429
0.029200   413.146048
0.029209   413.177663
0.029219   413.209274
0.029229   413.240882
0.029238   413.272485
0.029248   413.304084
0.029258   413.335679
0.029267   413.367270
0.029277   413.398857
0.029287   413.430440
0.029297   413.462018
0.029306   413.493593
0.029316   413.525164
0.029326   413.556731
0.029335   413.588293
0.029345   413.619852
0.029355   413.651407
0.029365   413.682957
0.029374   413.714504
0.029384   413.746046
0.029394   413.777585
0.029403   413.809119
0.029413   413.840649
0.029423   413.872176
0.029433   413.903698
0.029442   413.935216
0.029452   413.966730
0.029462   413.998241
0.029471   414.029747
0.029481   414.061249
0.029491   414.092747
0.029501   414.124241
0.029510   414.155731
0.029520   414.187217
0.029530   414.218699
0.029539   414.250177
0.029549   414.281651
0.029559   414.313121
0.029569   414.344587
0.029578   414.376049
0.029588   414.407506
0.029598   414.438960
0.029607   414.470410
0.029617   414.501856
0.029627   414.533297
0.029636   414.564735
0.029646   414.596169
0.029656   414.627598
0.029666   414.659024
0.029675   414.690445
0.029685   414.721863
0.029695   414.753277
0.029704   414.784686
0.029714   414.816092
0.029724   414.847493
0.029734   414.878890
0.029743   414.910284
0.029753   414.941673
0.029763   414.973059
0.029772   415.004440
0.029782   415.035818
0.029792   415.067191
0.029801   415.098560
0.029811   415.129926
0.029821   415.161287
0.029831   415.192644
0.029840   415.223998
0.029850   415.255347
0.029860   415.286692
0.029869   415.318033
0.029879   415.349371
0.029889   415.380704
0.029899   415.412033
0.029908   415.443358
0.029918   415.474680
0.029928   415.505997
0.029937   415.537310
0.029947   415.568619
0.029957   415.599924
0.029966   415.631226
0.029976   415.662523
0.029986   415.693816
0.029996   415.725105
0.030005   415.756390
0.030015   415.787672
0.030025   415.818949
0.030034   415.850222
0.030044   415.881491
0.030054   415.912756
0.030064   415.944017
0.030073   415.975275
0.030083   416.006528
0.030093   416.037777
0.030102   416.069022
0.030112   416.100263
0.030122   416.131500
0.030131   416.162734
0.030141   416.193963
0.030151   416.225188
0.030161   416.256409
0.030170   416.287627
0.030180   416.318840
0.030190   416.350049
0.030199   416.381254
0.030209   416.412455
0.030219   416.443653
0.030228   416.474846
0.030238   416.506035
0.030248   416.537221
0.030258   416.568402
0.030267   416.599579
0.030277   416.630753
0.030287   416.661922
0.030296   416.693087
0.030306   416.724249
0.030316   416.755406
0.030325   416.786559
0.030335   416.817709
0.030345   416.848854
0.030355   416.879996
0.030364   416.911133
0.030374   416.942267
0.030384   416.973396
0.030393   417.004522
0.030403   417.035643
0.030413   417.066761
0.030423   417.097874
0.030432   417.128984
0.030442   417.160090
0.030452   417.191191
0.030461   417.222289
0.030471   417.253383
0.030481   417.284472
0.030490   417.315558
0.030500   417.346640
0.030510   417.377718
0.030520   417.408791
0.030529   417.439861
0.030539   417.470927
0.030549   417.501989
0.030558   417.533047
0.030568   417.564101
0.030578   417.595151
0.030587   417.626197
0.030597   417.657239
0.030607   417.688277
0.030616   417.719311
0.030626   417.750341
0.030636   417.781368
0.030646   417.812390
0.030655   417.843408
0.030665   417.874422
0.030675   417.905433
0.030684   417.936439
0.030694   417.967442
0.030704   417.998440
0.030713   418.029434
0.030723   418.060425
0.030733   418.091412
0.030743   418.122394
0.030752   418.153373
0.030762   418.184347
0.030772   418.215318
0.030781   418.246285
0.030791   418.277248
0.030801   418.308207
0.030810   418.339161
0.030820   418.370112
0.030830   418.401059
0.030840   418.432002
0.030849   418.462941
0.030859   418.493876
0.030869   418.524808
0.030878   418.555735
0.030888   418.586658
0.030898   418.617577
0.030907   418.648493
0.030917   418.679404
0.030927   418.710312
0.030936   418.741215
0.030946   418.772115
0.030956   418.803010
0.030966   418.833902
0.030975   418.864790
0.030985   418.895673
0.030995   418.926553
0.031004   418.957429
0.031014   418.988301
0.031024   419.019169
0.031033   419.050033
0.031043   419.080893
0.031053   419.111749
0.031063   419.142601
0.031072   419.173450
0.031082   419.204294
0.031092   419.235134
0.031101   419.265971
0.031111   419.296803
0.031121   419.327632
0.031130   419.358456
0.031140   419.389277
0.031150   419.420094
0.031159   419.450907
0.031169   419.481715
0.031179   419.512520
0.031189   419.543321
0.031198   419.574118
0.031208   419.604911
0.031218   419.635701
0.031227   419.666486
0.031237   419.697267
0.031247   419.728045
0.031256   419.758818
0.031266   419.789588
0.031276   419.820353
0.031285   419.851115
0.031295   419.881873
0.031305   419.912626
0.031315   419.943376
0.031324   419.974122
0.031334   420.004864
0.031344   420.035602
0.031353   420.066337
0.031363   420.097067
0.031373   420.127793
0.031382   420.158516
0.031392   420.189234
0.031402   420.219949
0.031411   420.250659
0.031421   420.281366
0.031431   420.312069
0.031441   420.342768
0.031450   420.373462
0.031460   420.404154
0.031470   420.434841
0.031479   420.465524
0.031489   420.496203
0.031499   420.526878
0.031508   420.557550
0.031518   420.588217
0.031528   420.618881
0.031537   420.649541
0.031547   420.680196
0.031557   420.710848
0.031566   420.741496
0.031576   420.772140
0.031586   420.802780
0.031596   420.833416
0.031605   420.864049
0.031615   420.894677
0.031625   420.925302
0.031634   420.955922
0.031644   420.986539
0.031654   421.017152
0.031663   421.047760
0.031673   421.078365
0.031683   421.108966
0.031692   421.139563
0.031702   421.170157
0.031712   421.200746
0.031722   421.231331
0.031731   421.261913
0.031741   421.292490
0.031751   421.323064
0.031760   421.353634
0.031770   421.384200
0.031780   421.414762
0.031789   421.445320
0.031799   421.475874
0.031809   421.506424
0.031818   421.536970
0.031828   421.567513
0.031838   421.598051
0.031847   421.628586
0.031857   421.659117
0.031867   421.689644
0.031877   421.720167
0.031886   421.750686
0.031896   421.781201
0.031906   421.811712
0.031915   421.842220
0.031925   421.872723
0.031935   421.903223
0.031944   421.933718
0.031954   421.964210
0.031964   421.994698
0.031973   422.025182
0.031983   422.055662
0.031993   422.086138
0.032002   422.116611
0.032012   422.147079
0.032022   422.177544
0.032031   422.208005
0.032041   422.238461
0.032051   422.268914
0.032061   422.299363
0.032070   422.329808
0.032080   422.360250
0.032090   422.390687
0.032099   422.421121
0.032109   422.451550
0.032119   422.481976
0.032128   422.512398
0.032138   422.542816
0.032148   422.573230
0.032157   422.603640
0.032167   422.634046
0.032177   422.664449
0.032186   422.694847
0.032196   422.725242
0.032206   422.755633
0.032215   422.786020
0.032225   422.816403
0.032235   422.846782
0.032245   422.877157
0.032254   422.907529
0.032264   422.937896
0.032274   422.968260
0.032283   422.998620
0.032293   423.028975
0.032303   423.059328
0.032312   423.089676
0.032322   423.120020
0.032332   423.150360
0.032341   423.180697
0.032351   423.211030
0.032361   423.241358
0.032370   423.271683
0.032380   423.302004
0.032390   423.332322
0.032399   423.362635
0.032409   423.392945
0.032419   423.423250
0.032428   423.453552
0.032438   423.483850
0.032448   423.514144
0.032458   423.544434
0.032467   423.574720
0.032477   423.605003
0.032487   423.635281
0.032496   423.665556
0.032506   423.695827
0.032516   423.726094
0.032525   423.756357
0.032535   423.786616
0.032545   423.816871
0.032554   423.847123
0.032564   423.877371
0.032574   423.907614
0.032583   423.937854
0.032593   423.968090
0.032603   423.998323
0.032612   424.028551
0.032622   424.058776
0.032632   424.088996
0.032641   424.119213
0.032651   424.149426
0.032661   424.179635
0.032670   424.209840
0.032680   424.240042
0.032690   424.270239
0.032699   424.300433
0.032709   424.330623
0.032719   424.360809
0.032729   424.390991
0.032738   424.421169
0.032748   424.451344
0.032758   424.481515
0.032767   424.511681
0.032777   424.541844
0.032787   424.572003
0.032796   424.602158
0.032806   424.632310
0.032816   424.662457
0.032825   424.692601
0.032835   424.722741
0.032845   424.752877
0.032854   424.783009
0.032864   424.813137
0.032874   424.843262
0.032883   424.873383
0.032893   424.903499
0.032903   424.933612
0.032912   424.963721
0.032922   424.993827
0.032932   425.023928
0.032941   425.054026
0.032951   425.084120
0.032961   425.114209
0.032970   425.144296
0.032980   425.174378
0.032990   425.204456
0.032999   425.234531
0.033009   425.264602
0.033019   425.294668
0.033029   425.324732
0.033038   425.354791
0.033048   425.384846
0.033058   425.414898
0.033067   425.444946
0.033077   425.474990
0.033087   425.505030
0.033096   425.535066
0.033106   425.565098
0.033116   425.595127
0.033125   425.625152
0.033135   425.655173
0.033145   425.685190
0.033154   425.715203
0.033164   425.745213
0.033174   425.775218
0.033183   425.805220
0.033193   425.835218
0.033203   425.865212
0.033212   425.895203
0.033222   425.925189
0.033232   425.955172
0.033241   425.985151
0.033251   426.015126
0.033261   426.045097
0.033270   426.075065
0.033280   426.105028
0.033290   426.134988
0.033299   426.164944
0.033309   426.194896
0.033319   426.224845
0.033328   426.254789
0.033338   426.284730
0.033348   426.314667
0.033357   426.344600
0.033367   426.374529
0.033377   426.404455
0.033386   426.434376
0.033396   426.464294
0.033406   426.494208
0.033415   426.524118
0.033425   426.554025
0.033435   426.583927
0.033444   426.613826
0.033454   426.643721
0.033464   426.673612
0.033473   426.703499
0.033483   426.733383
0.033493   426.763263
0.033502   426.793139
0.033512   426.823011
0.033522   426.852879
0.033531   426.882744
0.033541   426.912604
0.033551   426.942461
0.033560   426.972314
0.033570   427.002164
0.033580   427.032009
0.033590   427.061851
0.033599   427.091689
0.033609   427.121523
0.033619   427.151353
0.033628   427.181179
0.033638   427.211002
0.033648   427.240821
0.033657   427.270636
0.033667   427.300447
0.033677   427.330255
0.033686   427.360059
0.033696   427.389858
0.033706   427.419655
0.033715   427.449447
0.033725   427.479235
0.033735   427.509020
0.033744   427.538801
0.033754   427.568578
0.033764   427.598352
0.033773   427.628121
0.033783   427.657887
0.033793   427.687649
0.033802   427.717407
0.033812   427.747161
0.033822   427.776912
0.033831   427.806659
0.033841   427.836402
0.033851   427.866141
0.033860   427.895876
0.033870   427.925608
0.033880   427.955336
0.033889   427.985060
0.033899   428.014780
0.033909   428.044497
0.033918   428.074210
0.033928   428.103918
0.033938   428.133624
0.033947   428.163325
0.033957   428.193023
0.033967   428.222716
0.033976   428.252406
0.033986   428.282093
0.033996   428.311775
0.034005   428.341454
0.034015   428.371129
0.034025   428.400800
0.034034   428.430467
0.034044   428.460131
0.034054   428.489791
0.034063   428.519447
0.034073   428.549099
0.034083   428.578747
0.034092   428.608392
0.034102   428.638033
0.034112   428.667670
0.034121   428.697304
0.034131   428.726933
0.034141   428.756559
0.034150   428.786181
0.034160   428.815799
0.034170   428.845414
0.034179   428.875025
0.034189   428.904632
0.034199   428.934235
0.034208   428.963834
0.034218   428.993430
0.034227   429.023022
0.034237   429.052610
0.034247   429.082194
0.034256   429.111775
0.034266   429.141352
0.034276   429.170925
0.034285   429.200494
0.034295   429.230060
0.034305   429.259622
0.034314   429.289180
0.034324   429.318734
0.034334   429.348284
0.034343   429.377831
0.034353   429.407374
0.034363   429.436913
0.034372   429.466449
0.034382   429.495980
0.034392   429.525508
0.034401   429.555033
0.034411   429.584553
0.034421   429.614070
0.034430   429.643583
0.034440   429.673092
0.034450   429.702597
0.034459   429.732099
0.034469   429.761597
0.034479   429.791091
0.034488   429.820581
0.034498   429.850068
0.034508   429.879551
0.034517   429.909030
0.034527   429.938505
0.034537   429.967977
0.034546   429.997445
0.034556   430.026909
0.034566   430.056369
0.034575   430.085826
0.034585   430.115279
0.034595   430.144728
0.034604   430.174173
0.034614   430.203615
0.034624   430.233053
0.034633   430.262487
0.034643   430.291917
0.034653   430.321344
0.034662   430.350767
0.034672   430.380186
0.034682   430.409601
0.034691   430.439013
0.034701   430.468421
0.034711   430.497825
0.034720   430.527226
0.034730   430.556622
0.034740   430.586015
0.034749   430.615405
0.034759   430.644790
0.034769   430.674172
0.034778   430.703550
0.034788   430.732924
0.034797   430.762295
0.034807   430.791662
0.034817   430.821025
0.034826   430.850384
0.034836   430.879740
0.034846   430.909091
0.034855   430.938440
0.034865   430.967784
0.034875   430.997125
0.034884   431.026462
0.034894   431.055795
0.034904   431.085124
0.034913   431.114450
0.034923   431.143772
0.034933   431.173090
0.034942   431.202405
0.034952   431.231716
0.034962   431.261023
0.034971   431.290326
0.034981   431.319626
0.034991   431.348922
0.035000   431.378214
0.035010   431.407503
0.035020   431.436787
0.035029   431.466068
0.035039   431.495346
0.035049   431.524619
0.035058   431.553889
0.035068   431.583155
0.035078   431.612418
0.035087   431.641676
0.035097   431.670931
0.035106   431.700182
0.035116   431.729430
0.035126   431.758674
0.035135   431.787914
0.035145   431.817150
0.035155   431.846383
0.035164   431.875612
0.035174   431.904837
0.035184   431.934059
0.035193   431.963276
0.035203   431.992490
0.035213   432.021701
0.035222   432.050908
0.035232   432.080110
0.035242   432.109310
0.035251   432.138505
0.035261   432.167697
0.035271   432.196885
0.035280   432.226069
0.035290   432.255250
0.035300   432.284427
0.035309   432.313600
0.035319   432.342770
0.035329   432.371936
0.035338   432.401098
0.035348   432.430256
0.035357   432.459411
0.035367   432.488562
0.035377   432.517709
0.035386   432.546853
0.035396   432.575993
0.035406   432.605129
0.035415   432.634261
0.035425   432.663390
0.035435   432.692515
0.035444   432.721637
0.035454   432.750754
0.035464   432.779868
0.035473   432.808978
0.035483   432.838085
0.035493   432.867188
0.035502   432.896287
0.035512   432.925383
0.035522   432.954474
0.035531   432.983562
0.035541   433.012647
0.035551   433.041727
0.035560   433.070804
0.035570   433.099878
0.035579   433.128947
0.035589   433.158013
0.035599   433.187075
0.035608   433.216134
0.035618   433.245189
0.035628   433.274240
0.035637   433.303287
0.035647   433.332331
0.035657   433.361371
0.035666   433.390407
0.035676   433.419440
0.035686   433.448469
0.035695   433.477494
0.035705   433.506516
0.035715   433.535534
0.035724   433.564548
0.035734   433.593559
0.035744   433.622566
0.035753   433.651569
0.035763   433.680568
0.035772   433.709564
0.035782   433.738556
0.035792   433.767545
0.035801   433.796529
0.035811   433.825510
0.035821   433.854488
0.035830   433.883462
0.035840   433.912432
0.035850   433.941398
0.035859   433.970361
0.035869   433.999320
0.035879   434.028275
0.035888   434.057226
0.035898   434.086174
0.035908   434.115119
0.035917   434.144059
0.035927   434.172996
0.035936   434.201929
0.035946   434.230859
0.035956   434.259785
0.035965   434.288707
0.035975   434.317626
0.035985   434.346541
0.035994   434.375452
0.036004   434.404359
0.036014   434.433263
0.036023   434.462163
0.036033   434.491060
0.036043   434.519953
0.036052   434.548842
0.036062   434.577727
0.036072   434.606609
0.036081   434.635487
0.036091   434.664362
0.036100   434.693233
0.036110   434.722100
0.036120   434.750963
0.036129   434.779823
0.036139   434.808679
0.036149   434.837532
0.036158   434.866381
0.036168   434.895226
0.036178   434.924067
0.036187   434.952905
0.036197   434.981739
0.036207   435.010570
0.036216   435.039397
0.036226   435.068220
0.036235   435.097039
0.036245   435.125855
0.036255   435.154668
0.036264   435.183476
0.036274   435.212281
0.036284   435.241082
0.036293   435.269880
0.036303   435.298674
0.036313   435.327464
0.036322   435.356251
0.036332   435.385034
0.036342   435.413813
0.036351   435.442589
0.036361   435.471361
0.036371   435.500129
0.036380   435.528894
0.036390   435.557655
0.036399   435.586412
0.036409   435.615166
0.036419   435.643916
0.036428   435.672662
0.036438   435.701405
0.036448   435.730144
0.036457   435.758880
0.036467   435.787612
0.036477   435.816340
0.036486   435.845064
0.036496   435.873785
0.036505   435.902503
0.036515   435.931216
0.036525   435.959926
0.036534   435.988633
0.036544   436.017335
0.036554   436.046034
0.036563   436.074730
0.036573   436.103421
0.036583   436.132110
0.036592   436.160794
0.036602   436.189475
0.036612   436.218152
0.036621   436.246826
0.036631   436.275495
0.036640   436.304162
0.036650   436.332824
0.036660   436.361483
0.036669   436.390139
0.036679   436.418790
0.036689   436.447439
0.036698   436.476083
0.036708   436.504724
0.036718   436.533361
0.036727   436.561995
0.036737   436.590624
0.036747   436.619251
0.036756   436.647873
0.036766   436.676492
0.036775   436.705108
0.036785   436.733720
0.036795   436.762328
0.036804   436.790932
0.036814   436.819533
0.036824   436.848130
0.036833   436.876724
0.036843   436.905314
0.036853   436.933900
0.036862   436.962483
0.036872   436.991062
0.036881   437.019637
0.036891   437.048209
0.036901   437.076777
0.036910   437.105342
0.036920   437.133903
0.036930   437.162460
0.036939   437.191014
0.036949   437.219564
0.036959   437.248111
0.036968   437.276653
0.036978   437.305193
0.036987   437.333728
0.036997   437.362260
0.037007   437.390789
0.037016   437.419313
0.037026   437.447835
0.037036   437.476352
0.037045   437.504866
0.037055   437.533376
0.037065   437.561883
0.037074   437.590386
0.037084   437.618885
0.037093   437.647381
0.037103   437.675873
0.037113   437.704362
0.037122   437.732847
0.037132   437.761328
0.037142   437.789806
0.037151   437.818280
0.037161   437.846751
0.037171   437.875218
0.037180   437.903681
0.037190   437.932141
0.037199   437.960597
0.037209   437.989049
0.037219   438.017498
0.037228   438.045943
0.037238   438.074385
0.037248   438.102823
0.037257   438.131257
0.037267   438.159688
0.037277   438.188115
0.037286   438.216539
0.037296   438.244959
0.037305   438.273375
0.037315   438.301788
0.037325   438.330197
0.037334   438.358603
0.037344   438.387005
0.037354   438.415403
0.037363   438.443798
0.037373   438.472189
0.037382   438.500577
0.037392   438.528961
0.037402   438.557341
0.037411   438.585718
0.037421   438.614091
0.037431   438.642461
0.037440   438.670827
0.037450   438.699189
0.037460   438.727548
0.037469   438.755903
0.037479   438.784255
0.037488   438.812603
0.037498   438.840947
0.037508   438.869288
0.037517   438.897625
0.037527   438.925959
0.037537   438.954289
0.037546   438.982616
0.037556   439.010938
0.037565   439.039258
0.037575   439.067573
0.037585   439.095886
0.037594   439.124194
0.037604   439.152499
0.037614   439.180800
0.037623   439.209098
0.037633   439.237392
0.037643   439.265683
0.037652   439.293970
0.037662   439.322253
0.037671   439.350533
0.037681   439.378809
0.037691   439.407082
0.037700   439.435351
0.037710   439.463616
0.037720   439.491878
0.037729   439.520137
0.037739   439.548391
0.037748   439.576643
0.037758   439.604890
0.037768   439.633134
0.037777   439.661374
0.037787   439.689611
0.037797   439.717845
0.037806   439.746074
0.037816   439.774300
0.037826   439.802523
0.037835   439.830742
0.037845   439.858957
0.037854   439.887169
0.037864   439.915377
0.037874   439.943582
0.037883   439.971783
0.037893   439.999980
0.037903   440.028174
0.037912   440.056365
0.037922   440.084551
0.037931   440.112735
0.037941   440.140914
0.037951   440.169090
0.037960   440.197263
0.037970   440.225432
0.037980   440.253597
0.037989   440.281759
0.037999   440.309917
0.038008   440.338072
0.038018   440.366223
0.038028   440.394370
0.038037   440.422514
0.038047   440.450655
0.038057   440.478791
0.038066   440.506925
0.038076   440.535054
0.038085   440.563181
0.038095   440.591303
0.038105   440.619422
0.038114   440.647537
0.038124   440.675649
0.038134   440.703758
0.038143   440.731862
0.038153   440.759964
0.038162   440.788061
0.038172   440.816155
0.038182   440.844246
0.038191   440.872333
0.038201   440.900416
0.038211   440.928496
0.038220   440.956572
0.038230   440.984645
0.038239   441.012714
0.038249   441.040780
0.038259   441.068842
0.038268   441.096900
0.038278   441.124955
0.038288   441.153007
0.038297   441.181055
0.038307   441.209099
0.038316   441.237140
0.038326   441.265177
0.038336   441.293210
0.038345   441.321240
0.038355   441.349267
0.038365   441.377290
0.038374   441.405309
0.038384   441.433325
0.038393   441.461338
0.038403   441.489346
0.038413   441.517352
0.038422   441.545353
0.038432   441.573351
0.038442   441.601346
0.038451   441.629337
0.038461   441.657325
0.038470   441.685309
0.038480   441.713289
0.038490   441.741266
0.038499   441.769239
0.038509   441.797209
0.038519   441.825175
0.038528   441.853138
0.038538   441.881097
0.038547   441.909053
0.038557   441.937005
0.038567   441.964954
0.038576   441.992899
0.038586   442.020840
0.038596   442.048778
0.038605   442.076712
0.038615   442.104643
0.038624   442.132571
0.038634   442.160494
0.038644   442.188415
0.038653   442.216331
0.038663   442.244245
0.038672   442.272154
0.038682   442.300060
0.038692   442.327963
0.038701   442.355862
0.038711   442.383757
0.038721   442.411649
0.038730   442.439538
0.038740   442.467423
0.038749   442.495304
0.038759   442.523182
0.038769   442.551056
0.038778   442.578927
0.038788   442.606795
0.038798   442.634658
0.038807   442.662519
0.038817   442.690375
0.038826   442.718228
0.038836   442.746078
0.038846   442.773924
0.038855   442.801767
0.038865   442.829606
0.038874   442.857442
0.038884   442.885274
0.038894   442.913102
0.038903   442.940927
0.038913   442.968749
0.038923   442.996566
0.038932   443.024381
0.038942   443.052192
0.038951   443.079999
0.038961   443.107803
0.038971   443.135603
0.038980   443.163400
0.038990   443.191194
0.039000   443.218983
0.039009   443.246770
0.039019   443.274552
0.039028   443.302332
0.039038   443.330107
0.039048   443.357880
0.039057   443.385648
0.039067   443.413413
0.039076   443.441175
0.039086   443.468933
0.039096   443.496688
0.039105   443.524439
0.039115   443.552187
0.039125   443.579931
0.039134   443.607671
0.039144   443.635409
0.039153   443.663142
0.039163   443.690872
0.039173   443.718599
0.039182   443.746322
0.039192   443.774041
0.039201   443.801757
0.039211   443.829470
0.039221   443.857179
